overlaptable <-
structure(c(0, 0.01, 0.02, 0.03, 0.04, 0.05, 0.06, 0.07, 0.08, 
0.09, 0.1, 0.11, 0.12, 0.13, 0.14, 0.15, 0.16, 0.17, 0.18, 0.19, 
0.2, 0.21, 0.22, 0.23, 0.24, 0.25, 0.26, 0.27, 0.28, 0.29, 0.3, 
0.31, 0.32, 0.33, 0.34, 0.35, 0.36, 0.37, 0.38, 0.39, 0.4, 0.41, 
0.42, 0.43, 0.44, 0.45, 0.46, 0.47, 0.48, 0.49, 0.5, 0.51, 0.52, 
0.53, 0.54, 0.55, 0.56, 0.57, 0.58, 0.59, 0.6, 0.61, 0.62, 0.63, 
0.64, 0.65, 0.66, 0.67, 0.68, 0.69, 0.7, 0.71, 0.72, 0.73, 0.74, 
0.75, 0.76, 0.77, 0.78, 0.79, 0.8, 0.81, 0.82, 0.83, 0.84, 0.85, 
0.86, 0.87, 0.88, 0.89, 0.9, 0.91, 0.92, 0.93, 0.94, 0.95, 0.96, 
0.97, 0.98, 0.99, 1, 0, 0.058, 0.081, 0.099, 0.113, 0.127, 0.139, 
0.15, 0.161, 0.171, 0.181, 0.191, 0.2, 0.209, 0.218, 0.227, 0.236, 
0.244, 0.253, 0.261, 0.27, 0.278, 0.287, 0.295, 0.304, 0.312, 
0.321, 0.33, 0.339, 0.348, 0.357, 0.367, 0.377, 0.387, 0.397, 
0.408, 0.419, 0.43, 0.442, 0.455, 0.469, 0.484, 0.5, 0.517, 0.537, 
0.56, 0.59, 0.632, 1.067, 1.079, 1.09, 1.102, 1.114, 1.126, 1.139, 
1.151, 1.164, 1.177, 1.191, 1.205, 1.219, 1.234, 1.249, 1.265, 
1.282, 1.3, 1.319, 1.339, 1.362, 1.387, 1.416, 1.453, 1.507, 
2.188, 2.21, 2.232, 2.257, 2.283, 2.313, 2.347, 2.388, 2.445, 
3.244, 3.28, 3.321, 3.372, 3.453, 4.301, 4.363, 4.476, 5.357, 
6.314, 6.426, 7.422, 9.344, 10.442, 13.409, 17.476, 26.467, 53.459, 
NA), .Dim = c(101L, 2L), .Dimnames = list(NULL, c("Corr", "Overlap"
)))
